1.018679128E-02  -1.000087142E+00
3.056037384E-02  -1.000088334E+00
5.093395640E-02  -6.952233911E-01
7.130753896E-02  3.715429008E-01
9.168112152E-02  7.147381902E-01
1.120547041E-01  1.504504800E+00
1.324282866E-01  1.573959231E+00
1.528018692E-01  1.527784586E+00
1.731754518E-01  1.682410955E+00
1.935490343E-01  1.518010497E+00
2.139226169E-01  2.140269756E+00
2.342961994E-01  1.843522072E+00
2.546697820E-01  2.066579819E+00
2.750433646E-01  2.397852421E+00
2.954169471E-01  2.980303049E+00
3.157905297E-01  3.309743166E+00
3.361641122E-01  3.493407249E+00
3.565376948E-01  3.786609888E+00
3.769112773E-01  3.790196896E+00
3.972848599E-01  3.834801435E+00
4.176584425E-01  3.842821598E+00
4.380320250E-01  4.181075096E+00
4.584056076E-01  4.394346714E+00
4.787791901E-01  4.531549454E+00
4.991527727E-01  4.629513741E+00
5.195263553E-01  4.768019199E+00
5.398999378E-01  4.684735775E+00
5.602735204E-01  4.767689705E+00
5.806471029E-01  4.604370117E+00
6.010206855E-01  4.765655518E+00
6.213942681E-01  4.832788944E+00
6.417678506E-01  5.191300869E+00
6.621414332E-01  5.189827442E+00
6.825150157E-01  5.282084465E+00
7.028885983E-01  5.050609112E+00
7.232621809E-01  5.028734207E+00
7.436357634E-01  5.074655056E+00
7.640093460E-01  5.128951073E+00
7.843829285E-01  4.980565071E+00
8.047565111E-01  5.055918217E+00
8.251300937E-01  5.136280060E+00
8.455036762E-01  5.360227108E+00
8.658772588E-01  5.496446133E+00
8.862508413E-01  5.574517727E+00
9.066244239E-01  5.687186718E+00
9.269980065E-01  5.785697937E+00
9.473715890E-01  5.778650284E+00
9.677451716E-01  5.846389294E+00
9.881187541E-01  6.156194210E+00
1.008492337E+00  6.364656925E+00
1.028865919E+00  6.706194401E+00
1.049239502E+00  6.978456974E+00
1.069613084E+00  7.961308479E+00
1.089986667E+00  1.037644291E+01
1.110360249E+00  1.320337677E+01
1.130733832E+00  1.584733105E+01
1.151107415E+00  1.908625603E+01
1.171480997E+00  2.183769989E+01
1.191854580E+00  2.444526672E+01
1.212228162E+00  2.794146729E+01
1.232601745E+00  3.207440948E+01
1.252975327E+00  3.507656479E+01
1.273348910E+00  4.103968811E+01
1.293722493E+00  4.666607285E+01
1.314096075E+00  5.331621552E+01
1.334469658E+00  6.057353973E+01
1.354843240E+00  6.877922058E+01
1.375216823E+00  7.901502228E+01
1.395590405E+00  9.038945007E+01
1.415963988E+00  1.050344467E+02
1.436337570E+00  1.197433167E+02
1.456711153E+00  1.323977509E+02
1.477084736E+00  1.399996185E+02
1.497458318E+00  1.466909790E+02
1.517831901E+00  1.524651184E+02
1.538205483E+00  1.593845367E+02
1.558579066E+00  1.652311096E+02
1.578952648E+00  1.710962524E+02
1.599326231E+00  1.782844543E+02
1.619699813E+00  1.831561584E+02
1.640073396E+00  1.893028717E+02
1.660446979E+00  1.920651855E+02
1.680820561E+00  1.981804962E+02
1.701194144E+00  2.032776642E+02
1.721567726E+00  2.085200195E+02
1.741941309E+00  2.135797272E+02
1.762314891E+00  2.182622070E+02
1.782688474E+00  2.248339081E+02
1.803062057E+00  2.281473999E+02
1.823435639E+00  2.342505951E+02
1.843809222E+00  2.382474670E+02
1.864182804E+00  2.437786713E+02
1.884556387E+00  2.481571198E+02
1.904929969E+00  2.497955475E+02
1.925303552E+00  2.545735321E+02
1.945677134E+00  2.564706116E+02
1.966050717E+00  2.625819702E+02
1.986424300E+00  2.637218018E+02
2.006797882E+00  2.669193726E+02
2.027171465E+00  2.704060974E+02
2.047545047E+00  2.727157898E+02
2.067918630E+00  2.777574768E+02
2.088292212E+00  2.787680054E+02
2.108665795E+00  2.833628845E+02
2.129039377E+00  2.840043030E+02
2.149412960E+00  2.861874390E+02
2.169786543E+00  2.886330872E+02
2.190160125E+00  2.906622314E+02
2.210533708E+00  2.952022705E+02
2.230907290E+00  2.955657959E+02
2.251280873E+00  2.994461670E+02
2.271654455E+00  2.992924500E+02
2.292028038E+00  3.023013000E+02
2.312401620E+00  3.050852356E+02
2.332775203E+00  3.072340088E+02
2.353148786E+00  3.103530884E+02
2.373522368E+00  3.099719238E+02
2.393895951E+00  3.139076538E+02
2.414269533E+00  3.143122864E+02
2.434643116E+00  3.170089417E+02
2.455016698E+00  3.180987854E+02
2.475390281E+00  3.186691284E+02
2.495763864E+00  3.214066467E+02
2.516137446E+00  3.223887939E+02
2.536511029E+00  3.253288574E+02
2.556884611E+00  3.250497437E+02
2.577258194E+00  3.283768311E+02
2.597631776E+00  3.295768433E+02
2.618005359E+00  3.296890259E+02
2.638378941E+00  3.304466553E+02
2.658752524E+00  3.305724792E+02
2.679126107E+00  3.338352051E+02
2.699499689E+00  3.340411682E+02
2.719873272E+00  3.360672913E+02
2.740246854E+00  3.369753113E+02
2.760620437E+00  3.388672791E+02
2.780994019E+00  3.402413940E+02
2.801367602E+00  3.399204407E+02
2.821741184E+00  3.410357971E+02
2.842114767E+00  3.411676331E+02
2.862488350E+00  3.427091980E+02
2.882861932E+00  3.438503418E+02
2.903235515E+00  3.451796265E+02
2.923609097E+00  3.458721619E+02
2.943982680E+00  3.454548950E+02
2.964356262E+00  3.475131836E+02
2.984729845E+00  3.480901184E+02
3.005103428E+00  3.496403503E+02
3.025477010E+00  3.487268372E+02
3.045850593E+00  3.487322693E+02
3.066224175E+00  3.494387817E+02
3.086597758E+00  3.509952087E+02
3.106971340E+00  3.522619019E+02
3.127344923E+00  3.518532410E+02
3.147718505E+00  3.530683594E+02
3.168092088E+00  3.528507080E+02
3.188465671E+00  3.538670654E+02
3.208839253E+00  3.539486389E+02
3.229212836E+00  3.539835205E+02
3.249586418E+00  3.540349426E+02
3.269960001E+00  3.527031555E+02
3.290333583E+00  3.534268494E+02
3.310707166E+00  3.535816040E+02
3.331080748E+00  3.540221863E+02
3.351454331E+00  3.535536804E+02
3.371827914E+00  3.538037415E+02
3.392201496E+00  3.556373901E+02
3.412575079E+00  3.559308167E+02
3.432948661E+00  3.573620605E+02
3.453322244E+00  3.571587524E+02
3.473695826E+00  3.583380127E+02
3.494069409E+00  3.586869812E+02
3.514442992E+00  3.581628723E+02
3.534816574E+00  3.581719971E+02
3.555190157E+00  3.575951233E+02
3.575563739E+00  3.587011108E+02
3.595937322E+00  3.578552551E+02
3.616310904E+00  3.594305420E+02
3.636684487E+00  3.588535767E+02
3.657058069E+00  3.594779358E+02
3.677431652E+00  3.593656006E+02
3.697805235E+00  3.600331116E+02
3.718178817E+00  3.610896912E+02
3.738552400E+00  3.605590515E+02
3.758925982E+00  3.607568054E+02
3.779299565E+00  3.604161987E+02
3.799673147E+00  3.605025024E+02
3.820046730E+00  3.606117249E+02
3.840420312E+00  3.614029541E+02
3.860793895E+00  3.625205383E+02
3.881167478E+00  3.615156555E+02
3.901541060E+00  3.620202942E+02
3.921914643E+00  3.619757690E+02
3.942288225E+00  3.633420410E+02
3.962661808E+00  3.632478943E+02
3.983035390E+00  3.631959839E+02
4.003408973E+00  3.634964905E+02
4.023782555E+00  3.626171875E+02
4.044156138E+00  3.630646057E+02
4.064529721E+00  3.624527283E+02
4.084903303E+00  3.642841797E+02
4.105276886E+00  3.647592163E+02
4.125650468E+00  3.659818726E+02
4.146024051E+00  3.659903564E+02
4.166397633E+00  3.670304565E+02
4.186771216E+00  3.690022888E+02
4.207144799E+00  3.712370605E+02
4.227518381E+00  3.733537903E+02
4.247891964E+00  3.728199768E+02
4.268265546E+00  3.719944153E+02
4.288639129E+00  3.711562805E+02
4.309012711E+00  3.708852234E+02
4.329386294E+00  3.715490417E+02
4.349759876E+00  3.684443054E+02
4.370133459E+00  3.614833069E+02
4.390507042E+00  3.561945190E+02
4.410880624E+00  3.521300964E+02
4.431254207E+00  3.496588135E+02
4.451627789E+00  3.466995544E+02
4.472001372E+00  3.456928711E+02
4.492374954E+00  3.435048218E+02
4.512748537E+00  3.441000671E+02
4.533122119E+00  3.449081421E+02
4.553495702E+00  3.463924255E+02
4.573869285E+00  3.485271606E+02
4.594242867E+00  3.505440674E+02
4.614616450E+00  3.537980957E+02
4.634990032E+00  3.552861328E+02
4.655363615E+00  3.575295105E+02
4.675737197E+00  3.592064514E+02
4.696110780E+00  3.629885254E+02
4.716484363E+00  3.668368225E+02
4.736857945E+00  3.693584900E+02
4.757231528E+00  3.710575562E+02
4.777605110E+00  3.715477905E+02
4.797978693E+00  3.821623535E+02
4.818352275E+00  4.357772522E+02
4.838725858E+00  6.057481079E+02
4.859099440E+00  8.478093262E+02
4.879473023E+00  1.063916504E+03
4.899846606E+00  1.032813843E+03
4.920220188E+00  8.071646118E+02
4.940593771E+00  5.229672241E+02
4.960967353E+00  3.789886780E+02
4.981340936E+00  3.208953247E+02
5.001714518E+00  3.020215759E+02
5.022088101E+00  2.919909973E+02
5.042461683E+00  2.868533020E+02
5.062835266E+00  2.814505615E+02
5.083208849E+00  2.779804382E+02
5.103582431E+00  2.734060059E+02
5.123956014E+00  2.701943970E+02
5.144329596E+00  2.690671692E+02
5.164703179E+00  2.740094299E+02
5.185076761E+00  2.777485657E+02
5.205450344E+00  2.791195984E+02
5.225823926E+00  2.801723633E+02
5.246197509E+00  2.803633423E+02
5.266571092E+00  2.808581543E+02
5.286944674E+00  2.803941345E+02
5.307318257E+00  2.804028625E+02
5.327691839E+00  2.809834290E+02
5.348065422E+00  2.808879395E+02
5.368439004E+00  2.807820740E+02
5.388812587E+00  2.799188538E+02
5.409186170E+00  2.798232117E+02
5.429559752E+00  2.799724121E+02
5.449933335E+00  2.799545593E+02
5.470306917E+00  2.799261475E+02
5.490680500E+00  2.794918823E+02
5.511054082E+00  2.802714539E+02
5.531427665E+00  2.796650391E+02
5.551801247E+00  2.798717957E+02
5.572174830E+00  2.787658997E+02
5.592548413E+00  2.788491516E+02
5.612921995E+00  2.778551636E+02
5.633295578E+00  2.777139587E+02
5.653669160E+00  2.777122803E+02
5.674042743E+00  2.832450867E+02
5.694416325E+00  2.897661743E+02
5.714789908E+00  2.938208618E+02
5.735163490E+00  2.973094177E+02
5.755537073E+00  2.998480530E+02
5.775910656E+00  3.019773254E+02
5.796284238E+00  3.033005676E+02
5.816657821E+00  3.048239441E+02
5.837031403E+00  3.062689209E+02
5.857404986E+00  3.074809265E+02
5.877778568E+00  3.085940552E+02
5.898152151E+00  3.097321777E+02
5.918525734E+00  3.118317566E+02
5.938899316E+00  3.128882446E+02
5.959272899E+00  3.141023865E+02
5.979646481E+00  3.154511108E+02
6.000020064E+00  3.168309937E+02
6.020393646E+00  3.183811646E+02
6.040767229E+00  3.192848511E+02
6.061140811E+00  3.210484009E+02
6.081514394E+00  3.212776489E+02
6.101887977E+00  3.225643616E+02
6.122261559E+00  3.230498047E+02
6.142635142E+00  3.251296692E+02
6.163008724E+00  3.270084839E+02
6.183382307E+00  3.282451172E+02
6.203755889E+00  3.289270325E+02
6.224129472E+00  3.296184692E+02
6.244503054E+00  3.306555176E+02
6.264876637E+00  3.314799194E+02
6.285250220E+00  3.328794250E+02
6.305623802E+00  3.337115784E+02
6.325997385E+00  3.342026978E+02
6.346370967E+00  3.353833313E+02
6.366744550E+00  3.367363586E+02
6.387118132E+00  3.383358459E+02
6.407491715E+00  3.384324951E+02
6.427865298E+00  3.397950439E+02
6.448238880E+00  3.401878052E+02
6.468612463E+00  3.411488647E+02
6.488986045E+00  3.427041016E+02
6.509359628E+00  3.438146973E+02
6.529733210E+00  3.449770508E+02
6.550106793E+00  3.462751160E+02
6.570480375E+00  3.476331177E+02
6.590853958E+00  3.484313049E+02
6.611227541E+00  3.498694763E+02
6.631601123E+00  3.516007385E+02
6.651974706E+00  3.531247559E+02
6.672348288E+00  3.543992615E+02
6.692721871E+00  3.560389099E+02
6.713095453E+00  3.586142578E+02
6.733469036E+00  3.610893860E+02
6.753842618E+00  3.639135437E+02
6.774216201E+00  3.667035217E+02
6.794589784E+00  3.714844971E+02
6.814963366E+00  3.814906921E+02
6.835336949E+00  4.087430420E+02
6.855710531E+00  4.870583801E+02
6.876084114E+00  7.005743408E+02
6.896457696E+00  1.000413208E+03
6.916831279E+00  1.168804199E+03
6.937204861E+00  1.066123901E+03
6.957578444E+00  7.822811890E+02
6.977952027E+00  5.584036865E+02
6.998325609E+00  4.513169556E+02
7.018699192E+00  4.175117493E+02
7.039072774E+00  4.047804565E+02
7.059446357E+00  3.983433228E+02
7.079819939E+00  3.944981689E+02
7.100193522E+00  3.916787720E+02
7.120567105E+00  3.891740417E+02
7.140940687E+00  3.881095581E+02
7.161314270E+00  3.866228638E+02
7.181687852E+00  3.861751709E+02
7.202061435E+00  3.857424927E+02
7.222435017E+00  3.867043152E+02
7.242808600E+00  3.874811096E+02
7.263182182E+00  3.891521301E+02
7.283555765E+00  3.916036987E+02
7.303929348E+00  3.950885315E+02
7.324302930E+00  3.981993713E+02
7.344676513E+00  3.984177246E+02
7.365050095E+00  3.967832947E+02
7.385423678E+00  3.944144287E+02
7.405797260E+00  3.932812500E+02
7.426170843E+00  3.926949463E+02
7.446544425E+00  3.927642517E+02
7.466918008E+00  3.926462402E+02
7.487291591E+00  3.924512634E+02
7.507665173E+00  3.934864807E+02
7.528038756E+00  3.944074402E+02
7.548412338E+00  3.961819763E+02
7.568785921E+00  3.973699646E+02
7.589159503E+00  3.991147156E+02
7.609533086E+00  4.007573547E+02
7.629906669E+00  4.021993408E+02
7.650280251E+00  4.038140564E+02
7.670653834E+00  4.049106445E+02
7.691027416E+00  4.053504944E+02
7.711400999E+00  4.056111145E+02
7.731774581E+00  4.068276062E+02
7.752148164E+00  4.078102417E+02
7.772521746E+00  4.091080017E+02
7.792895329E+00  4.109118042E+02
7.813268912E+00  4.117937622E+02
7.833642494E+00  4.127390442E+02
7.854016077E+00  4.138726196E+02
7.874389659E+00  4.162678223E+02
7.894763242E+00  4.186747437E+02
7.915136824E+00  4.202835999E+02
7.935510407E+00  4.207192993E+02
7.955883989E+00  4.212721863E+02
7.976257572E+00  4.225805359E+02
7.996631155E+00  4.242792664E+02
8.017004737E+00  4.266184082E+02
8.037378320E+00  4.292519836E+02
8.057751902E+00  4.313999939E+02
8.078125485E+00  4.332481384E+02
8.098499067E+00  4.359181213E+02
8.118872650E+00  4.388780212E+02
8.139246232E+00  4.421943054E+02
8.159619815E+00  4.462580566E+02
8.179993398E+00  4.505357361E+02
8.200366980E+00  4.557002563E+02
8.220740563E+00  4.611078186E+02
8.241114145E+00  4.678761902E+02
8.261487728E+00  4.752519531E+02
8.281861310E+00  4.851140137E+02
8.302234893E+00  4.976839294E+02
8.322608476E+00  5.158663330E+02
8.342982058E+00  5.438143921E+02
8.363355641E+00  5.907454834E+02
8.383729223E+00  6.905091553E+02
8.404102806E+00  9.806296997E+02
8.424476388E+00  1.882910278E+03
8.444849971E+00  3.517364746E+03
8.465223553E+00  5.118638672E+03
8.485597136E+00  5.510030273E+03
8.505970719E+00  4.285712891E+03
8.526344301E+00  2.559299072E+03
8.546717884E+00  1.338544800E+03
8.567091466E+00  8.387893677E+02
8.587465049E+00  7.074641724E+02
8.607838631E+00  7.363891602E+02
8.628212214E+00  1.037342163E+03
8.648585796E+00  2.046288574E+03
8.668959379E+00  3.286033936E+03
8.689332962E+00  4.137108887E+03
8.709706544E+00  3.643715820E+03
8.730080127E+00  2.478594238E+03
8.750453709E+00  1.281671631E+03
8.770827292E+00  7.495802002E+02
8.791200874E+00  5.857958374E+02
8.811574457E+00  5.373078613E+02
8.831948040E+00  5.182003784E+02
8.852321622E+00  5.072619324E+02
8.872695205E+00  4.996492615E+02
8.893068787E+00  4.937608337E+02
8.913442370E+00  4.892253418E+02
8.933815952E+00  4.861392822E+02
8.954189535E+00  4.842980957E+02
8.974563117E+00  4.827992249E+02
8.994936700E+00  4.817831116E+02
9.015310283E+00  4.804953308E+02
9.035683865E+00  4.783965149E+02
9.056057448E+00  4.761220398E+02
9.076431030E+00  4.754361877E+02
9.096804613E+00  4.753952637E+02
9.117178195E+00  4.754451904E+02
9.137551778E+00  4.761125793E+02
9.157925360E+00  4.775041504E+02
9.178298943E+00  4.801359253E+02
9.198672526E+00  4.822135010E+02
9.219046108E+00  4.841723633E+02
9.239419691E+00  4.847770081E+02
9.259793273E+00  4.854354553E+02
9.280166856E+00  4.852465820E+02
9.300540438E+00  4.867987976E+02
9.320914021E+00  4.887647705E+02
9.341287603E+00  4.913153076E+02
9.361661186E+00  4.936004639E+02
9.382034769E+00  4.970198975E+02
9.402408351E+00  5.007005920E+02
9.422781934E+00  5.049751892E+02
9.443155516E+00  5.094323730E+02
9.463529099E+00  5.141423340E+02
9.483902681E+00  5.184261475E+02
9.504276264E+00  5.221072388E+02
9.524649847E+00  5.238638306E+02
9.545023429E+00  5.256727295E+02
9.565397012E+00  5.271463623E+02
9.585770594E+00  5.313911743E+02
9.606144177E+00  5.376567383E+02
9.626517759E+00  5.487072754E+02
9.646891342E+00  5.661001587E+02
9.667264924E+00  5.989494629E+02
9.687638507E+00  6.739808350E+02
9.708012090E+00  8.453789673E+02
9.728385672E+00  1.215209351E+03
9.748759255E+00  1.811925659E+03
9.769132837E+00  2.508858887E+03
9.789506420E+00  2.921569580E+03
9.809880002E+00  2.737768799E+03
9.830253585E+00  2.007065186E+03
9.850627167E+00  1.312838989E+03
9.871000750E+00  9.106278076E+02
9.891374333E+00  7.270440063E+02
9.911747915E+00  6.417214966E+02
9.932121498E+00  6.001683350E+02
9.952495080E+00  5.755136719E+02
9.972868663E+00  5.580237427E+02
9.993242245E+00  5.462169189E+02
1.001361583E+01  5.374125977E+02
1.003398941E+01  5.310954590E+02
1.005436299E+01  5.268759155E+02
1.007473658E+01  5.244781494E+02
1.009511016E+01  5.239050903E+02
1.011548374E+01  5.231893311E+02
1.013585732E+01  5.235231323E+02
1.015623091E+01  5.247798462E+02
1.017660449E+01  5.253498535E+02
1.019697807E+01  5.247435913E+02
1.021735165E+01  5.225737915E+02
1.023772524E+01  5.190696411E+02
1.025809882E+01  5.154910278E+02
1.027847240E+01  5.130496216E+02
1.029884598E+01  5.119333191E+02
1.031921957E+01  5.119598083E+02
1.033959315E+01  5.118360291E+02
1.035996673E+01  5.117970276E+02
1.038034031E+01  5.118306580E+02
1.040071390E+01  5.119838562E+02
1.042108748E+01  5.117020569E+02
1.044146106E+01  5.114698181E+02
1.046183464E+01  5.119083862E+02
1.048220823E+01  5.120664062E+02
1.050258181E+01  5.127210083E+02
1.052295539E+01  5.133168335E+02
1.054332897E+01  5.144542236E+02
1.056370256E+01  5.148602295E+02
1.058407614E+01  5.161845703E+02
1.060444972E+01  5.174063721E+02
1.062482330E+01  5.192200928E+02
1.064519689E+01  5.208171387E+02
1.066557047E+01  5.227775269E+02
1.068594405E+01  5.249361572E+02
1.070631763E+01  5.279336548E+02
1.072669122E+01  5.317581177E+02
1.074706480E+01  5.360978394E+02
1.076743838E+01  5.400989990E+02
1.078781197E+01  5.444445801E+02
1.080818555E+01  5.498430176E+02
1.082855913E+01  5.575141602E+02
1.084893271E+01  5.730489502E+02
1.086930630E+01  6.058184204E+02
1.088967988E+01  6.769352417E+02
1.091005346E+01  8.046963501E+02
1.093042704E+01  9.379994507E+02
1.095080063E+01  1.006039368E+03
1.097117421E+01  9.552565918E+02
1.099154779E+01  8.398404541E+02
1.101192137E+01  7.283464966E+02
1.103229496E+01  6.748384399E+02
1.105266854E+01  6.600891724E+02
1.107304212E+01  6.755812378E+02
1.109341570E+01  7.121962280E+02
1.111378929E+01  7.896226196E+02
1.113416287E+01  9.641427002E+02
1.115453645E+01  1.357522705E+03
1.117491003E+01  2.437729980E+03
1.119528362E+01  4.291561523E+03
1.121565720E+01  7.176362305E+03
1.123603078E+01  8.883559570E+03
1.125640436E+01  8.374630859E+03
1.127677795E+01  6.009837402E+03
1.129715153E+01  3.312959473E+03
1.131752511E+01  1.705960083E+03
1.133789869E+01  1.084976318E+03
1.135827228E+01  8.337316284E+02
1.137864586E+01  7.289398804E+02
1.139901944E+01  6.697145386E+02
1.141939302E+01  6.369636230E+02
1.143976661E+01  6.158289185E+02
1.146014019E+01  6.018613281E+02
1.148051377E+01  5.925650024E+02
1.150088735E+01  5.855173340E+02
1.152126094E+01  5.805552368E+02
1.154163452E+01  5.754630127E+02
1.156200810E+01  5.719752808E+02
1.158238169E+01  5.698088379E+02
1.160275527E+01  5.689249878E+02
1.162312885E+01  5.690333862E+02
1.164350243E+01  5.698178101E+02
1.166387602E+01  5.709261475E+02
1.168424960E+01  5.714904175E+02
1.170462318E+01  5.717751465E+02
1.172499676E+01  5.716051025E+02
1.174537035E+01  5.723334351E+02
1.176574393E+01  5.735393066E+02
1.178611751E+01  5.744231567E+02
1.180649109E+01  5.752401733E+02
1.182686468E+01  5.760352783E+02
1.184723826E+01  5.776497192E+02
1.186761184E+01  5.797593994E+02
1.188798542E+01  5.848295898E+02
1.190835901E+01  5.964240723E+02
1.192873259E+01  6.277496338E+02
1.194910617E+01  6.967313843E+02
1.196947975E+01  8.006760254E+02
1.198985334E+01  8.889562378E+02
1.201022692E+01  9.025987549E+02
1.203060050E+01  8.266898193E+02
1.205097408E+01  7.197451172E+02
1.207134767E+01  6.394629517E+02
1.209172125E+01  6.024635620E+02
1.211209483E+01  5.868776245E+02
1.213246841E+01  5.813195190E+02
1.215284200E+01  5.810454102E+02
1.217321558E+01  5.848305664E+02
1.219358916E+01  5.948542480E+02
1.221396274E+01  6.239130249E+02
1.223433633E+01  6.947794189E+02
1.225470991E+01  8.179290771E+02
1.227508349E+01  9.713629761E+02
1.229545707E+01  1.062323608E+03
1.231583066E+01  1.019659424E+03
1.233620424E+01  8.847529297E+02
1.235657782E+01  7.467998047E+02
1.237695140E+01  6.461089478E+02
1.239732499E+01  6.076460571E+02
1.241769857E+01  5.908897705E+02
1.243807215E+01  5.835500488E+02
1.245844574E+01  5.803440552E+02
1.247881932E+01  5.786738892E+02
1.249919290E+01  5.781554565E+02
1.251956648E+01  5.779580078E+02
1.253994007E+01  5.774123535E+02
1.256031365E+01  5.772707520E+02
1.258068723E+01  5.777195435E+02
1.260106081E+01  5.787098999E+02
1.262143440E+01  5.795360107E+02
1.264180798E+01  5.792706299E+02
1.266218156E+01  5.793334961E+02
1.268255514E+01  5.799556885E+02
1.270292873E+01  5.812623901E+02
1.272330231E+01  5.822098389E+02
1.274367589E+01  5.824891357E+02
1.276404947E+01  5.824801636E+02
1.278442306E+01  5.825747070E+02
1.280479664E+01  5.830162354E+02
1.282517022E+01  5.835748291E+02
1.284554380E+01  5.836181030E+02
1.286591739E+01  5.842775879E+02
1.288629097E+01  5.848218384E+02
1.290666455E+01  5.850140381E+02
1.292703813E+01  5.846221924E+02
1.294741172E+01  5.849617310E+02
1.296778530E+01  5.857739868E+02
1.298815888E+01  5.868646240E+02
1.300853246E+01  5.887110596E+02
1.302890605E+01  5.901979980E+02
1.304927963E+01  5.910504761E+02
1.306965321E+01  5.922880859E+02
1.309002679E+01  5.925179443E+02
1.311040038E+01  5.926224365E+02
1.313077396E+01  5.929578857E+02
1.315114754E+01  5.940906982E+02
1.317152112E+01  5.953648682E+02
1.319189471E+01  5.959943237E+02
1.321226829E+01  5.968837891E+02
1.323264187E+01  5.979580078E+02
1.325301545E+01  6.001647949E+02
1.327338904E+01  6.009610596E+02
1.329376262E+01  6.021382446E+02
1.331413620E+01  6.029280396E+02
1.333450979E+01  6.044348145E+02
1.335488337E+01  6.053704224E+02
1.337525695E+01  6.061083374E+02
1.339563053E+01  6.079618530E+02
1.341600412E+01  6.102106934E+02
1.343637770E+01  6.121023560E+02
1.345675128E+01  6.130661621E+02
1.347712486E+01  6.148970337E+02
1.349749845E+01  6.169382324E+02
1.351787203E+01  6.192980957E+02
1.353824561E+01  6.219941406E+02
1.355861919E+01  6.253666992E+02
1.357899278E+01  6.291139526E+02
1.359936636E+01  6.329797363E+02
1.361973994E+01  6.391978149E+02
1.364011352E+01  6.467985229E+02
1.366048711E+01  6.571213379E+02
1.368086069E+01  6.690510254E+02
1.370123427E+01  6.846104736E+02
1.372160785E+01  7.023395386E+02
1.374198144E+01  7.310914307E+02
1.376235502E+01  7.863008423E+02
1.378272860E+01  9.246036377E+02
1.380310218E+01  1.216477295E+03
1.382347577E+01  1.658459839E+03
1.384384935E+01  2.165190430E+03
1.386422293E+01  2.436756592E+03
1.388459651E+01  2.292831787E+03
1.390497010E+01  1.783037842E+03
1.392534368E+01  1.280439087E+03
1.394571726E+01  9.437384033E+02
1.396609084E+01  7.933375244E+02
1.398646443E+01  7.304791260E+02
1.400683801E+01  7.006402588E+02
1.402721159E+01  6.848647461E+02
1.404758517E+01  6.753643799E+02
1.406795876E+01  6.688756104E+02
1.408833234E+01  6.649265137E+02
1.410870592E+01  6.619355469E+02
1.412907950E+01  6.534002686E+02
1.414945309E+01  6.422529297E+02
1.416982667E+01  6.344888916E+02
1.419020025E+01  6.292897949E+02
1.421057384E+01  6.243873901E+02
1.423094742E+01  6.208482666E+02
1.425132100E+01  6.179446411E+02
1.427169458E+01  6.149796753E+02
1.429206817E+01  6.119965210E+02
1.431244175E+01  6.095734863E+02
1.433281533E+01  6.079963989E+02
1.435318891E+01  6.060078125E+02
1.437356250E+01  6.043991089E+02
1.439393608E+01  6.028530273E+02
1.441430966E+01  6.020438232E+02
1.443468324E+01  6.014705811E+02
1.445505683E+01  6.010695801E+02
1.447543041E+01  6.005020142E+02
1.449580399E+01  6.002172241E+02
1.451617757E+01  6.004116211E+02
1.453655116E+01  6.018604736E+02
1.455692474E+01  6.040002441E+02
1.457729832E+01  5.998439331E+02
1.459767190E+01  5.985153198E+02
1.461804549E+01  6.043577881E+02
1.463841907E+01  6.249625244E+02
1.465879265E+01  6.642907715E+02
1.467916623E+01  7.191587524E+02
1.469953982E+01  7.653739014E+02
1.471991340E+01  7.666234741E+02
1.474028698E+01  7.216021118E+02
1.476066056E+01  6.596665039E+02
1.478103415E+01  6.121077271E+02
1.480140773E+01  5.830593872E+02
1.482178131E+01  5.695108032E+02
1.484215489E+01  5.621704712E+02
1.486252848E+01  5.582660522E+02
1.488290206E+01  5.594635620E+02
1.490327564E+01  5.686506348E+02
1.492364922E+01  5.746852417E+02
1.494402281E+01  5.799456177E+02
1.496439639E+01  5.883152466E+02
1.498476997E+01  6.080690308E+02
1.500514356E+01  6.637935791E+02
1.502551714E+01  8.341766968E+02
1.504589072E+01  1.100172363E+03
1.506626430E+01  1.438200073E+03
1.508663789E+01  1.587650879E+03
1.510701147E+01  1.451229858E+03
1.512738505E+01  1.117088867E+03
1.514775863E+01  8.425219727E+02
1.516813222E+01  6.822008057E+02
1.518850580E+01  6.201300049E+02
1.520887938E+01  5.972127075E+02
1.522925296E+01  5.873272705E+02
1.524962655E+01  5.828723145E+02
1.527000013E+01  5.804943848E+02
1.529037371E+01  5.792711792E+02
1.531074729E+01  5.796365967E+02
1.533112088E+01  5.891727295E+02
1.535149446E+01  5.966816406E+02
1.537186804E+01  6.023493042E+02
1.539224162E+01  6.081346436E+02
1.541261521E+01  6.185324707E+02
1.543298879E+01  6.362128906E+02
1.545336237E+01  6.711580200E+02
1.547373595E+01  7.128142700E+02
1.549410954E+01  7.398424072E+02
1.551448312E+01  7.483448486E+02
1.553485670E+01  7.333868408E+02
1.555523028E+01  6.910647583E+02
1.557560387E+01  6.651957397E+02
1.559597745E+01  6.491091919E+02
1.561635103E+01  6.419757080E+02
1.563672461E+01  6.389561157E+02
1.565709820E+01  6.384436646E+02
1.567747178E+01  6.405627441E+02
1.569784536E+01  6.440861816E+02
1.571821894E+01  6.490806885E+02
1.573859253E+01  6.557994385E+02
1.575896611E+01  6.660783081E+02
1.577933969E+01  6.824571533E+02
1.579971327E+01  7.093678589E+02
1.582008686E+01  7.591266479E+02
1.584046044E+01  8.515758057E+02
1.586083402E+01  1.000572571E+03
1.588120761E+01  1.241046875E+03
1.590158119E+01  1.507273682E+03
1.592195477E+01  1.727430542E+03
1.594232835E+01  1.786520630E+03
1.596270194E+01  1.625450195E+03
1.598307552E+01  1.352563599E+03
1.600344910E+01  1.062428467E+03
1.602382268E+01  8.885603027E+02
1.604419627E+01  7.874434204E+02
1.606456985E+01  7.464590454E+02
1.608494343E+01  7.327946167E+02
1.610531701E+01  7.318322144E+02
1.612569060E+01  7.458535156E+02
1.614606418E+01  7.802967529E+02
1.616643776E+01  8.570191650E+02
1.618681134E+01  1.013984985E+03
1.620718493E+01  1.287115723E+03
1.622755851E+01  1.681678955E+03
1.624793209E+01  2.123936768E+03
1.626830567E+01  2.383130615E+03
1.628867926E+01  2.293322510E+03
1.630905284E+01  1.897722046E+03
1.632942642E+01  1.454862671E+03
1.634980000E+01  1.115910034E+03
1.637017359E+01  9.327805786E+02
1.639054717E+01  8.340843506E+02
1.641092075E+01  7.814581299E+02
1.643129433E+01  7.505748291E+02
1.645166792E+01  7.308021851E+02
1.647204150E+01  7.165500488E+02
1.649241508E+01  7.058720093E+02
1.651278866E+01  6.979646606E+02
1.653316225E+01  6.915811768E+02
1.655353583E+01  6.865784302E+02
1.657390941E+01  6.825233154E+02
1.659428299E+01  6.786505127E+02
1.661465658E+01  6.756773071E+02
1.663503016E+01  6.737113037E+02
1.665540374E+01  6.725772705E+02
1.667577732E+01  6.714166870E+02
1.669615091E+01  6.709319458E+02
1.671652449E+01  6.706774902E+02
1.673689807E+01  6.703076172E+02
1.675727166E+01  6.710047607E+02
1.677764524E+01  6.716425781E+02
1.679801882E+01  6.730238037E+02
1.681839240E+01  6.753576660E+02
1.683876599E+01  6.778945923E+02
1.685913957E+01  6.826005249E+02
1.687951315E+01  6.914491577E+02
1.689988673E+01  7.104838257E+02
1.692026032E+01  7.522079468E+02
1.694063390E+01  8.410416260E+02
1.696100748E+01  9.876779175E+02
1.698138106E+01  1.177407471E+03
1.700175465E+01  1.274745728E+03
1.702212823E+01  1.245955933E+03
1.704250181E+01  1.080505493E+03
1.706287539E+01  8.819687500E+02
1.708324898E+01  7.749991455E+02
1.710362256E+01  7.238063965E+02
1.712399614E+01  7.011831665E+02
1.714436972E+01  6.894418945E+02
1.716474331E+01  6.829472656E+02
1.718511689E+01  6.789818115E+02
1.720549047E+01  6.756062622E+02
1.722586405E+01  6.738016968E+02
1.724623764E+01  6.726894531E+02
1.726661122E+01  6.731458130E+02
1.728698480E+01  6.729849243E+02
1.730735838E+01  6.750289917E+02
1.732773197E+01  6.810600586E+02
1.734810555E+01  6.973862305E+02
1.736847913E+01  7.464666138E+02
1.738885271E+01  8.064061279E+02
1.740922630E+01  8.839508057E+02
1.742959988E+01  9.452269287E+02
1.744997346E+01  9.340211182E+02
1.747034704E+01  8.680710449E+02
1.749072063E+01  7.845354004E+02
1.751109421E+01  7.230393677E+02
1.753146779E+01  6.901262817E+02
1.755184137E+01  6.777891846E+02
1.757221496E+01  6.739143066E+02
1.759258854E+01  6.740236816E+02
1.761296212E+01  6.809784546E+02
1.763333571E+01  6.947750854E+02
1.765370929E+01  7.164186401E+02
1.767408287E+01  7.428220825E+02
1.769445645E+01  7.594644165E+02
1.771483004E+01  7.558821411E+02
1.773520362E+01  7.304760742E+02
1.775557720E+01  7.030673218E+02
1.777595078E+01  6.828923340E+02
1.779632437E+01  6.711068115E+02
1.781669795E+01  6.650902100E+02
1.783707153E+01  6.611013794E+02
1.785744511E+01  6.589058228E+02
1.787781870E+01  6.574340210E+02
1.789819228E+01  6.558036499E+02
1.791856586E+01  6.548575439E+02
1.793893944E+01  6.542647095E+02
1.795931303E+01  6.536540527E+02
1.797968661E+01  6.533472900E+02
1.800006019E+01  6.528322754E+02
1.802043377E+01  6.525433350E+02
1.804080736E+01  6.521922607E+02
1.806118094E+01  6.516358643E+02
1.808155452E+01  6.508748779E+02
1.810192810E+01  6.503886719E+02
1.812230169E+01  6.500535278E+02
1.814267527E+01  6.503389282E+02
1.816304885E+01  6.502345581E+02
1.818342243E+01  6.505685425E+02
1.820379602E+01  6.511754761E+02
1.822416960E+01  6.526788330E+02
1.824454318E+01  6.552221680E+02
1.826491676E+01  6.599450073E+02
1.828529035E+01  6.706522827E+02
1.830566393E+01  6.893638306E+02
1.832603751E+01  7.169830322E+02
1.834641109E+01  7.496794434E+02
1.836678468E+01  7.689655762E+02
1.838715826E+01  7.634688721E+02
1.840753184E+01  7.374332886E+02
1.842790543E+01  7.054888306E+02
1.844827901E+01  6.820349121E+02
1.846865259E+01  6.686776123E+02
1.848902617E+01  6.611354370E+02
1.850939976E+01  6.569827271E+02
1.852977334E+01  6.544249878E+02
1.855014692E+01  6.522087402E+02
1.857052050E+01  6.504680176E+02
1.859089409E+01  6.501970825E+02
1.861126767E+01  6.521481323E+02
1.863164125E+01  6.554235229E+02
1.865201483E+01  6.614356079E+02
1.867238842E+01  6.692988281E+02
1.869276200E+01  6.764976196E+02
1.871313558E+01  6.789557495E+02
1.873350916E+01  6.752459717E+02
1.875388275E+01  6.670789795E+02
1.877425633E+01  6.575108643E+02
1.879462991E+01  6.498770752E+02
1.881500349E+01  6.444133301E+02
1.883537708E+01  6.412376099E+02
1.885575066E+01  6.394561768E+02
1.887612424E+01  6.381672974E+02
1.889649782E+01  6.373160400E+02
1.891687141E+01  6.370153809E+02
1.893724499E+01  6.369168701E+02
1.895761857E+01  6.365701294E+02
1.897799215E+01  6.357683716E+02
1.899836574E+01  6.350958252E+02
1.901873932E+01  6.341217041E+02
1.903911290E+01  6.339763794E+02
1.905948648E+01  6.344885254E+02
1.907986007E+01  6.344168091E+02
1.910023365E+01  6.333757935E+02
1.912060723E+01  6.326373291E+02
1.914098081E+01  6.327523804E+02
1.916135440E+01  6.329606934E+02
1.918172798E+01  6.326514893E+02
1.920210156E+01  6.321710205E+02
1.922247514E+01  6.313775024E+02
1.924284873E+01  6.308333130E+02
1.926322231E+01  6.312387695E+02
1.928359589E+01  6.318532104E+02
1.930396948E+01  6.315907593E+02
1.932434306E+01  6.316388550E+02
1.934471664E+01  6.323807373E+02
1.936509022E+01  6.349805298E+02
1.938546381E+01  6.385726318E+02
1.940583739E+01  6.479658203E+02
1.942621097E+01  6.653703613E+02
1.944658455E+01  6.973142700E+02
1.946695814E+01  7.407475586E+02
1.948733172E+01  7.843793335E+02
1.950770530E+01  8.100011597E+02
1.952807888E+01  8.025559082E+02
1.954845247E+01  7.707930908E+02
1.956882605E+01  7.362198486E+02
1.958919963E+01  7.143489380E+02
1.960957321E+01  7.093566284E+02
1.962994680E+01  7.183450317E+02
1.965032038E+01  7.207843628E+02
1.967069396E+01  7.157125854E+02
1.969106754E+01  6.971608887E+02
1.971144113E+01  6.756450806E+02
1.973181471E+01  6.553890991E+02
1.975218829E+01  6.425717773E+02
1.977256187E+01  6.340983887E+02
1.979293546E+01  6.290825195E+02
1.981330904E+01  6.264249268E+02
1.983368262E+01  6.253452148E+02
1.985405620E+01  6.234116211E+02
1.987442979E+01  6.216065674E+02
1.989480337E+01  6.209127808E+02
1.991517695E+01  6.206079102E+02
1.993555053E+01  6.194407349E+02
1.995592412E+01  6.185283203E+02
1.997629770E+01  6.179662476E+02
1.999667128E+01  6.169650879E+02
2.001704486E+01  6.163521118E+02
2.003741845E+01  6.162526245E+02
2.005779203E+01  6.159743042E+02
2.007816561E+01  6.163183594E+02
2.009853919E+01  6.162183838E+02
2.011891278E+01  6.166442261E+02
2.013928636E+01  6.170013428E+02
2.015965994E+01  6.182959595E+02
2.018003353E+01  6.213661499E+02
2.020040711E+01  6.283621826E+02
2.022078069E+01  6.380554199E+02
2.024115427E+01  6.487396851E+02
2.026152786E+01  6.546372681E+02
2.028190144E+01  6.498430786E+02
2.030227502E+01  6.391334839E+02
2.032264860E+01  6.280164185E+02
2.034302219E+01  6.194764404E+02
2.036339577E+01  6.143828735E+02
2.038376935E+01  6.110841064E+02
2.040414293E+01  6.086153564E+02
2.042451652E+01  6.069609985E+02
2.044489010E+01  6.059047241E+02
2.046526368E+01  6.054006348E+02
2.048563726E+01  6.044630127E+02
2.050601085E+01  6.035101929E+02
2.052638443E+01  6.024390869E+02
2.054675801E+01  6.023216553E+02
2.056713159E+01  6.021260376E+02
2.058750518E+01  6.017905884E+02
2.060787876E+01  6.006981812E+02
2.062825234E+01  5.999310913E+02
2.064862592E+01  5.995407715E+02
2.066899951E+01  5.998870239E+02
2.068937309E+01  6.004193115E+02
2.070974667E+01  5.999843140E+02
2.073012025E+01  5.997961426E+02
2.075049384E+01  6.011210938E+02
2.077086742E+01  6.038442383E+02
2.079124100E+01  6.072610474E+02
2.081161458E+01  6.110354614E+02
2.083198817E+01  6.167599487E+02
2.085236175E+01  6.190726318E+02
2.087273533E+01  6.172837524E+02
2.089310891E+01  6.123291016E+02
2.091348250E+01  6.057987671E+02
2.093385608E+01  6.007298584E+02
2.095422966E+01  5.978099365E+02
2.097460324E+01  5.961627808E+02
2.099497683E+01  5.949723511E+02
2.101535041E+01  5.937601318E+02
2.103572399E+01  5.928610840E+02
2.105609758E+01  5.920322876E+02
2.107647116E+01  5.919725342E+02
2.109684474E+01  5.914968872E+02
2.111721832E+01  5.912609253E+02
2.113759191E+01  5.913118286E+02
2.115796549E+01  5.910607300E+02
2.117833907E+01  5.905341187E+02
2.119871265E+01  5.902321777E+02
2.121908624E+01  5.906876831E+02
2.123945982E+01  5.907591553E+02
2.125983340E+01  5.911558228E+02
2.128020698E+01  5.921057129E+02
2.130058057E+01  5.938833008E+02
2.132095415E+01  5.989013672E+02
2.134132773E+01  6.091051636E+02
2.136170131E+01  6.315462036E+02
2.138207490E+01  6.604856567E+02
2.140244848E+01  6.888735962E+02
2.142282206E+01  7.006176758E+02
2.144319564E+01  6.910480347E+02
2.146356923E+01  6.656458740E+02
2.148394281E+01  6.351162109E+02
2.150431639E+01  6.108187866E+02
2.152468997E+01  5.964446411E+02
2.154506356E+01  5.879784546E+02
2.156543714E+01  5.830839233E+02
2.158581072E+01  5.797031250E+02
2.160618430E+01  5.773768921E+02
2.162655789E+01  5.758757935E+02
2.164693147E+01  5.751544800E+02
2.166730505E+01  5.736320190E+02
2.168767863E+01  5.730012817E+02
2.170805222E+01  5.723239746E+02
2.172842580E+01  5.717528076E+02
2.174879938E+01  5.710275879E+02
2.176917296E+01  5.703073730E+02
2.178954655E+01  5.694098511E+02
2.180992013E+01  5.685790405E+02
2.183029371E+01  5.682589111E+02
2.185066729E+01  5.676516724E+02
2.187104088E+01  5.675590820E+02
2.189141446E+01  5.685090942E+02
2.191178804E+01  5.702120361E+02
2.193216163E+01  5.735313721E+02
2.195253521E+01  5.785769043E+02
2.197290879E+01  5.837404175E+02
2.199328237E+01  5.864396362E+02
2.201365596E+01  5.837329712E+02
2.203402954E+01  5.754431763E+02
2.205440312E+01  5.684666748E+02
2.207477670E+01  5.640519409E+02
2.209515029E+01  5.615737305E+02
2.211552387E+01  5.606607666E+02
2.213589745E+01  5.609612427E+02
2.215627103E+01  5.606021118E+02
2.217664462E+01  5.591698608E+02
2.219701820E+01  5.586921387E+02
2.221739178E+01  5.578315430E+02
2.223776536E+01  5.560667725E+02
2.225813895E+01  5.548635864E+02
2.227851253E+01  5.546478882E+02
2.229888611E+01  5.541667480E+02
2.231925969E+01  5.532399902E+02
2.233963328E+01  5.525911865E+02
2.236000686E+01  5.522969971E+02
2.238038044E+01  5.522351685E+02
2.240075402E+01  5.519020386E+02
2.242112761E+01  5.525782471E+02
2.244150119E+01  5.531828003E+02
2.246187477E+01  5.539003906E+02
2.248224835E+01  5.537936401E+02
2.250262194E+01  5.538878784E+02
2.252299552E+01  5.541575928E+02
2.254336910E+01  5.542573853E+02
2.256374268E+01  5.543660889E+02
2.258411627E+01  5.545552368E+02
2.260448985E+01  5.551261597E+02
2.262486343E+01  5.555671997E+02
2.264523701E+01  5.555996704E+02
2.266561060E+01  5.560479126E+02
2.268598418E+01  5.564433594E+02
2.270635776E+01  5.569571533E+02
2.272673135E+01  5.566954346E+02
2.274710493E+01  5.563289795E+02
2.276747851E+01  5.560961914E+02
2.278785209E+01  5.557237549E+02
2.280822568E+01  5.554262695E+02
2.282859926E+01  5.551431885E+02
2.284897284E+01  5.549788208E+02
2.286934642E+01  5.551762695E+02
2.288972001E+01  5.551156006E+02
2.291009359E+01  5.535263672E+02
2.293046717E+01  5.520412598E+02
2.295084075E+01  5.516546631E+02
2.297121434E+01  5.518958130E+02
2.299158792E+01  5.520557251E+02
2.301196150E+01  5.522406006E+02
2.303233508E+01  5.516761475E+02
2.305270867E+01  5.510153809E+02
2.307308225E+01  5.508229370E+02
2.309345583E+01  5.508027954E+02
2.311382941E+01  5.506963501E+02
2.313420300E+01  5.515927124E+02
2.315457658E+01  5.523837280E+02
2.317495016E+01  5.504893188E+02
2.319532374E+01  5.486914062E+02
2.321569733E+01  5.476374512E+02
2.323607091E+01  5.463321533E+02
2.325644449E+01  5.453373413E+02
2.327681807E+01  5.445935059E+02
2.329719166E+01  5.445654297E+02
2.331756524E+01  5.446819458E+02
2.333793882E+01  5.440922241E+02
2.335831240E+01  5.435830078E+02
2.337868599E+01  5.432111206E+02
2.339905957E+01  5.429803467E+02
2.341943315E+01  5.429604492E+02
2.343980673E+01  5.444232178E+02
2.346018032E+01  5.453838501E+02
2.348055390E+01  5.449583130E+02
2.350092748E+01  5.442506714E+02
2.352130106E+01  5.441914673E+02
2.354167465E+01  5.442646484E+02
2.356204823E+01  5.439087524E+02
2.358242181E+01  5.436270142E+02
2.360279540E+01  5.428373413E+02
2.362316898E+01  5.424035034E+02
2.364354256E+01  5.420574341E+02
2.366391614E+01  5.417404785E+02
2.368428973E+01  5.411557617E+02
2.370466331E+01  5.402367554E+02
2.372503689E+01  5.400509644E+02
2.374541047E+01  5.396575928E+02
2.376578406E+01  5.391774292E+02
2.378615764E+01  5.382279663E+02
2.380653122E+01  5.377947388E+02
2.382690480E+01  5.370202637E+02
2.384727839E+01  5.365050049E+02
2.386765197E+01  5.365465698E+02
2.388802555E+01  5.364309082E+02
2.390839913E+01  5.361590576E+02
2.392877272E+01  5.349441528E+02
2.394914630E+01  5.346309204E+02
2.396951988E+01  5.341658325E+02
2.398989346E+01  5.340201416E+02
2.401026705E+01  5.334577026E+02
2.403064063E+01  5.326455688E+02
2.405101421E+01  5.321358643E+02
2.407138779E+01  5.318074341E+02
2.409176138E+01  5.313505249E+02
2.411213496E+01  5.307297363E+02
2.413250854E+01  5.303822632E+02
2.415288212E+01  5.298811646E+02
2.417325571E+01  5.292547607E+02
2.419362929E+01  5.286869507E+02
2.421400287E+01  5.283976440E+02
2.423437645E+01  5.284451904E+02
2.425475004E+01  5.282342529E+02
2.427512362E+01  5.282326050E+02
2.429549720E+01  5.278523560E+02
2.431587078E+01  5.268568115E+02
2.433624437E+01  5.258277588E+02
2.435661795E+01  5.256136475E+02
2.437699153E+01  5.256698608E+02
2.439736511E+01  5.253509521E+02
2.441773870E+01  5.248888550E+02
2.443811228E+01  5.237710571E+02
2.445848586E+01  5.236517944E+02
2.447885945E+01  5.236353760E+02
2.449923303E+01  5.239436035E+02
2.451960661E+01  5.229381714E+02
2.453998019E+01  5.218452148E+02
2.456035378E+01  5.210582886E+02
2.458072736E+01  5.208436890E+02
2.460110094E+01  5.203158569E+02
2.462147452E+01  5.198907471E+02
2.464184811E+01  5.194873047E+02
2.466222169E+01  5.194790039E+02
2.468259527E+01  5.190529175E+02
2.470296885E+01  5.184361572E+02
2.472334244E+01  5.179317627E+02
2.474371602E+01  5.177883911E+02
2.476408960E+01  5.174547119E+02
2.478446318E+01  5.171029053E+02
2.480483677E+01  5.159443359E+02
2.482521035E+01  5.153389893E+02
2.484558393E+01  5.151776733E+02
2.486595751E+01  5.152399292E+02
2.488633110E+01  5.143012695E+02
2.490670468E+01  5.134796753E+02
2.492707826E+01  5.127001953E+02
2.494745184E+01  5.127121582E+02
2.496782543E+01  5.121170044E+02
2.498819901E+01  5.122605591E+02
2.500857259E+01  5.122767334E+02
2.502894617E+01  5.113311157E+02
2.504931976E+01  5.111916199E+02
2.506969334E+01  5.111797485E+02
2.509006692E+01  5.107738037E+02
2.511044050E+01  5.106350403E+02
2.513081409E+01  5.100154724E+02
2.515118767E+01  5.094989929E+02
2.517156125E+01  5.091449890E+02
2.519193483E+01  5.075422668E+02
2.521230842E+01  5.071659241E+02
2.523268200E+01  5.071937256E+02
2.525305558E+01  5.073204346E+02
2.527342916E+01  5.068701172E+02
2.529380275E+01  5.069677734E+02
2.531417633E+01  5.070575256E+02
2.533454991E+01  5.061495667E+02
2.535492350E+01  5.049020996E+02
2.537529708E+01  5.049063110E+02
2.539567066E+01  5.051439209E+02
2.541604424E+01  5.043980408E+02
2.543641783E+01  5.032071838E+02
2.545679141E+01  5.025242310E+02
2.547716499E+01  5.027584229E+02
2.549753857E+01  5.037944641E+02
2.551791216E+01  5.040808716E+02
2.553828574E+01  5.044503479E+02
2.555865932E+01  5.043457642E+02
2.557903290E+01  5.036305542E+02
2.559940649E+01  5.030966492E+02
2.561978007E+01  5.039588623E+02
2.564015365E+01  5.053191833E+02
2.566052723E+01  5.060500793E+02
2.568090082E+01  5.067879333E+02
2.570127440E+01  5.074913940E+02
2.572164798E+01  5.081413574E+02
2.574202156E+01  5.091177063E+02
2.576239515E+01  5.100574951E+02
2.578276873E+01  5.120417480E+02
2.580314231E+01  5.139439087E+02
2.582351589E+01  5.148651733E+02
2.584388948E+01  5.159204102E+02
2.586426306E+01  5.174448853E+02
2.588463664E+01  5.187802734E+02
2.590501022E+01  5.203074951E+02
2.592538381E+01  5.208869629E+02
2.594575739E+01  5.218619385E+02
2.596613097E+01  5.216705933E+02
2.598650455E+01  5.217517700E+02
2.600687814E+01  5.225786133E+02
2.602725172E+01  5.232119751E+02
2.604762530E+01  5.232982788E+02
2.606799888E+01  5.223411865E+02
2.608837247E+01  5.219083862E+02
2.610874605E+01  5.225919189E+02
2.612911963E+01  5.229414673E+02
2.614949322E+01  5.232129517E+02
2.616986680E+01  5.236578979E+02
2.619024038E+01  5.236936035E+02
2.621061396E+01  5.225552368E+02
2.623098755E+01  5.223166504E+02
2.625136113E+01  5.224260864E+02
2.627173471E+01  5.223137207E+02
2.629210829E+01  5.222267456E+02
2.631248188E+01  5.227218628E+02
2.633285546E+01  5.224322510E+02
2.635322904E+01  5.215802612E+02
2.637360262E+01  5.213081665E+02
2.639397621E+01  5.214171143E+02
2.641434979E+01  5.211628418E+02
2.643472337E+01  5.207363892E+02
2.645509695E+01  5.206821899E+02
2.647547054E+01  5.205935669E+02
2.649584412E+01  5.202494507E+02
2.651621770E+01  5.189302368E+02
2.653659128E+01  5.184689941E+02
2.655696487E+01  5.183140259E+02
2.657733845E+01  5.183697510E+02
2.659771203E+01  5.179598389E+02
2.661808561E+01  5.184777222E+02
2.663845920E+01  5.188137207E+02
2.665883278E+01  5.186411743E+02
2.667920636E+01  5.181275024E+02
2.669957994E+01  5.176767578E+02
2.671995353E+01  5.165504150E+02
2.674032711E+01  5.164353638E+02
2.676070069E+01  5.174592285E+02
2.678107427E+01  5.180507812E+02
2.680144786E+01  5.183279419E+02
2.682182144E+01  5.173732300E+02
2.684219502E+01  5.161791992E+02
2.686256860E+01  5.157722168E+02
2.688294219E+01  5.163271484E+02
2.690331577E+01  5.156718140E+02
2.692368935E+01  5.147532959E+02
2.694406293E+01  5.137893677E+02
2.696443652E+01  5.149209595E+02
2.698481010E+01  5.156552734E+02
2.700518368E+01  5.156905518E+02
2.702555727E+01  5.152352905E+02
2.704593085E+01  5.151018066E+02
2.706630443E+01  5.153941650E+02
2.708667801E+01  5.152186890E+02
2.710705160E+01  5.146826172E+02
2.712742518E+01  5.139200439E+02
2.714779876E+01  5.124808960E+02
2.716817234E+01  5.120116577E+02
2.718854593E+01  5.119772949E+02
2.720891951E+01  5.123588867E+02
2.722929309E+01  5.125289307E+02
2.724966667E+01  5.128735352E+02
2.727004026E+01  5.124001465E+02
2.729041384E+01  5.121750488E+02
2.731078742E+01  5.118568115E+02
2.733116100E+01  5.124854736E+02
2.735153459E+01  5.120712891E+02
2.737190817E+01  5.120042114E+02
2.739228175E+01  5.118203125E+02
2.741265533E+01  5.115354309E+02
2.743302892E+01  5.101174927E+02
2.745340250E+01  5.097600708E+02
2.747377608E+01  5.101270142E+02
2.749414966E+01  5.106486511E+02
2.751452325E+01  5.101828918E+02
2.753489683E+01  5.099214478E+02
2.755527041E+01  5.096066284E+02
2.757564399E+01  5.096818848E+02
2.759601758E+01  5.091760254E+02
2.761639116E+01  5.085092163E+02
2.763676474E+01  5.076404419E+02
2.765713832E+01  5.078878174E+02
2.767751191E+01  5.092661133E+02
2.769788549E+01  5.088269043E+02
2.771825907E+01  5.082159119E+02
2.773863265E+01  5.083763733E+02
2.775900624E+01  5.078606262E+02
2.777937982E+01  5.061263123E+02
2.779975340E+01  5.059013367E+02
2.782012698E+01  5.066330566E+02
2.784050057E+01  5.067678833E+02
2.786087415E+01  5.058169861E+02
2.788124773E+01  5.057415771E+02
2.790162132E+01  5.062986145E+02
2.792199490E+01  5.065831909E+02
2.794236848E+01  5.059824219E+02
2.796274206E+01  5.044965820E+02
2.798311565E+01  5.039593201E+02
2.800348923E+01  5.044867249E+02
2.802386281E+01  5.055691833E+02
2.804423639E+01  5.064774475E+02
2.806460998E+01  5.065470886E+02
2.808498356E+01  5.057946777E+02
2.810535714E+01  5.052665710E+02
2.812573072E+01  5.044957581E+02
2.814610431E+01  5.045364075E+02
2.816647789E+01  5.042879944E+02
2.818685147E+01  5.038107605E+02
2.820722505E+01  5.029038391E+02
2.822759864E+01  5.039564514E+02
2.824797222E+01  5.046706238E+02
2.826834580E+01  5.036516724E+02
2.828871938E+01  5.022851868E+02
2.830909297E+01  5.011017456E+02
2.832946655E+01  5.016018066E+02
2.834984013E+01  5.029790955E+02
2.837021371E+01  5.033620911E+02
2.839058730E+01  5.017310181E+02
2.841096088E+01  4.998869934E+02
2.843133446E+01  4.992678528E+02
2.845170804E+01  5.002060242E+02
2.847208163E+01  5.020288696E+02
2.849245521E+01  5.020920715E+02
2.851282879E+01  5.009331360E+02
2.853320237E+01  4.995930176E+02
2.855357596E+01  4.988849487E+02
2.857394954E+01  4.990392456E+02
2.859432312E+01  5.001153259E+02
2.861469670E+01  5.009674988E+02
2.863507029E+01  4.999261475E+02
2.865544387E+01  4.981443481E+02
2.867581745E+01  4.977575378E+02
2.869619103E+01  4.976812134E+02
2.871656462E+01  4.983112183E+02
2.873693820E+01  4.975243225E+02
2.875731178E+01  4.978380127E+02
2.877768537E+01  4.973814087E+02
2.879805895E+01  4.971432800E+02
2.881843253E+01  4.961806946E+02
2.883880611E+01  4.959538269E+02
2.885917970E+01  4.968377380E+02
2.887955328E+01  4.974409790E+02
2.889992686E+01  4.963212891E+02
2.892030044E+01  4.959329224E+02
2.894067403E+01  4.971470947E+02
2.896104761E+01  4.977571716E+02
2.898142119E+01  4.963304138E+02
2.900179477E+01  4.950716553E+02
2.902216836E+01  4.954956665E+02
2.904254194E+01  4.956066895E+02
2.906291552E+01  4.953990479E+02
2.908328910E+01  4.956093445E+02
2.910366269E+01  4.953237915E+02
2.912403627E+01  4.953026428E+02
2.914440985E+01  4.939487305E+02
2.916478343E+01  4.945127258E+02
2.918515702E+01  4.938660278E+02
2.920553060E+01  4.927688599E+02
2.922590418E+01  4.932446594E+02
2.924627776E+01  4.930726624E+02
2.926665135E+01  4.938944702E+02
2.928702493E+01  4.941937561E+02
2.930739851E+01  4.935862427E+02
2.932777209E+01  4.922380371E+02
2.934814568E+01  4.923328552E+02
2.936851926E+01  4.924897461E+02
2.938889284E+01  4.927453613E+02
2.940926642E+01  4.921958008E+02
2.942964001E+01  4.912810364E+02
2.945001359E+01  4.902078552E+02
2.947038717E+01  4.916132812E+02
2.949076075E+01  4.922977600E+02
2.951113434E+01  4.918092346E+02
2.953150792E+01  4.907091675E+02
2.955188150E+01  4.901686401E+02
2.957225509E+01  4.908855591E+02
2.959262867E+01  4.924748230E+02
2.961300225E+01  4.942928162E+02
2.963337583E+01  4.942353516E+02
2.965374942E+01  4.911897583E+02
2.967412300E+01  4.909247131E+02
2.969449658E+01  4.898383179E+02
2.971487016E+01  4.890372314E+02
2.973524375E+01  4.909483948E+02
2.975561733E+01  4.929753113E+02
2.977599091E+01  4.922334595E+02
2.979636449E+01  4.922060547E+02
2.981673808E+01  4.926833801E+02
2.983711166E+01  4.920897217E+02
2.985748524E+01  4.889991150E+02
2.987785882E+01  4.884068909E+02
2.989823241E+01  4.893271484E+02
2.991860599E+01  4.898633728E+02
2.993897957E+01  4.898937073E+02
2.995935315E+01  4.906432190E+02
2.997972674E+01  4.917462463E+02
3.000010032E+01  4.907901306E+02
3.002047390E+01  4.885218506E+02
3.004084748E+01  4.882817383E+02
3.006122107E+01  4.845978699E+02
3.008159465E+01  4.801651917E+02
3.010196823E+01  4.787099304E+02
3.012234181E+01  4.820354004E+02
3.014271540E+01  4.898798523E+02
3.016308898E+01  4.961999512E+02
3.018346256E+01  4.964663696E+02
3.020383614E+01  4.948148499E+02
3.022420973E+01  4.951161499E+02
3.024458331E+01  4.979832764E+02
3.026495689E+01  4.987152710E+02
3.028533047E+01  4.969472046E+02
3.030570406E+01  4.951958313E+02
3.032607764E+01  4.979170227E+02
3.034645122E+01  4.981900940E+02
3.036682480E+01  5.016136780E+02
3.038719839E+01  5.057169189E+02
3.040757197E+01  5.075957031E+02
3.042794555E+01  5.046408081E+02
3.044831914E+01  5.050910645E+02
3.046869272E+01  5.068773193E+02
3.048906630E+01  5.110930481E+02
3.050943988E+01  5.163217163E+02
3.052981347E+01  5.319106445E+02
3.055018705E+01  5.426292725E+02
3.057056063E+01  5.381005859E+02
3.059093421E+01  5.286171875E+02
3.061130780E+01  5.227131348E+02
3.063168138E+01  5.329149170E+02
3.065205496E+01  5.488312988E+02
3.067242854E+01  5.431199341E+02
3.069280213E+01  4.916217651E+02
3.071317571E+01  4.267143250E+02
